296
3996
5258
8
4196
62
8
578
840
326
276
438
4166
68
176
356
1002
1732
980
134
26
56
110
74
398
222
1302
86
200
130
194
306
32
180
412
74
970
312
74
278
638
250
218
550
414
114
210
38
8
280
618
264
490
188
400
328
498
288
488
20
764
126
50
1546
98
146
602
530
244
92
38
362
302
700
106
158
26
406
88
170
336
94
352
100
438
506
962
380
74
98
246
972
3634
192
306
184
264
218
288
264
32
100
162
172
380
314
524
354
438
236
236
36
640
1640
306
188
172
1080
62
140
170
98
526
720
78
224
470
150
174
548
308
122
14
674
96
194
26
264
11644
3226
18548
